version: 1
creator: callgrind-3.7.0
pid: 8179
cmd:  ./fj2.o 4 2000 200 1 3 1 1 1 1
part: 1


desc: I1 cache: 
desc: D1 cache: 
desc: LL cache: 

desc: Timerange: Basic block 0 - 23480
desc: Trigger: Program termination

positions: line
events: Ir
summary: 114493


ob=(5) /lib/x86_64-linux-gnu/libc-2.15.so
fl=(58) /build/buildd/eglibc-2.15/stdlib/bsearch.c
fn=(262) bsearch
27 130
+7 13
-7 13
+20 13
-13 52
+7 26
+1 23
-8 46
+2 87
+2 87
-2 87
+1 348
+1 174
cfi=(57) /build/buildd/eglibc-2.15/string/../sysdeps/x86_64/multiarch/../cacheinfo.c
cfn=(264) intel_02_known_compare
calls=87 152 
* 603
+1 174
+1 61
-6 122
+13 10
+1 117

fl=(44) /build/buildd/eglibc-2.15/elf/../sysdeps/unix/sysv/linux/dl-vdso.c
fn=(176) _dl_vdso_vsym
27 8
+2 4
-2 4
+1 8
+4 8
+18 16

fl=(51) /build/buildd/eglibc-2.15/csu/../sysdeps/unix/sysv/linux/x86_64/../init-first.c
fn=(242) _init
53 7
+6 3
+17 1
fi=(52) /build/buildd/eglibc-2.15/csu/../sysdeps/generic/dl-hash.h
-31 1
fe=(51)
+29 1
+1 1
fi=(53) /build/buildd/eglibc-2.15/csu/../sysdeps/unix/sysv/linux/x86_64/init-first.c
-37 1
fi=(52)
+8 1
fi=(53)
-8 1
fe=(51)
+38 1
fi=(53)
-38 2
fi=(52)
+6 1
+5 4
+1 2
+13 2
-17 3
+3 12
+1 6
+13 6
-17 9
+22 1
fi=(53)
-30 2
+2 2
-2 1
+2 1
cfi=(44)
cfn=(176)
calls=1 -13 
* 12
+6 2
-4 2
+1 2
+1 1
+2 1
cfi=(44)
cfn=(176)
calls=1 -19 
* 12
+4 2
fe=(51)
+40 1
fi=(53)
-40 1
fe=(51)
+40 1
fi=(53)
-39 2
+1 1
fe=(51)
+38 2
cfi=(54) /build/buildd/eglibc-2.15/misc/init-misc.c
cfn=(248) __init_misc
calls=1 -59 
* 77
+8 1
cfi=(55) /build/buildd/eglibc-2.15/ctype/ctype-info.c
cfn=(252) __ctype_init
calls=1 -65 
* 16
+5 5
-35 1
-9 1
+9 4

fl=(65) /build/buildd/eglibc-2.15/setjmp/../sysdeps/x86_64/setjmp.S
fn=(332) __sigsetjmp
26 1
+2 1
+1 2
+1 1
+4 1
+1 1
+1 1
+1 1
+1 1
+2 2
+2 1
+1 1
+2 2
+2 1
+9 1
cfi=(66) /build/buildd/eglibc-2.15/setjmp/sigjmp.c
cfn=(334) __sigjmp_save
calls=1 -26 
* 9

fl=(55)
fn=(252)
33 7
+2 4
+2 4
+1 1

fl=(69) /build/buildd/eglibc-2.15/stdlib/../stdlib/strtol_l.c
fn=(346) ____strtol_l_internal
232 36
+26 4
-12 4
+12 4
+22 4
-1 4
+10 32
+9 24
+2 4
-2 4
+2 4
+5 8
+5 4
-6 4
+6 4
+4 8
+10 8
+7 8
+48 8
+59 4
-59 4
+1 12
+58 4
+2 8
+16 4
-16 12
+38 4
-22 8
-14 21
-2 6
+49 8
+6 8
+3 16
-2 8
+17 24
+18 32
334 16
-82 4
376 8
+94 21
+3 28
+5 7
+1 21
-41 32
+46 8

fl=(68) /build/buildd/eglibc-2.15/stdlib/../stdlib/strtol.c
fn=(344) strtol
110 16
cfi=(69)
cfn=(346)
calls=4 232 
* 504

fl=(54)
fn=(248)
31 3
+1 1
-1 1
+1 4
+2 3
cob=(3) /usr/lib/valgrind/vgpreload_memcheck-amd64-linux.so
cfi=(32) ???
cfn=(250) __GI_strrchr
calls=1 -34 
* 53
+4 5
+1 3
+2 4

fl=(42) /build/buildd/eglibc-2.15/time/../sysdeps/unix/sysv/linux/x86_64/time.c
fn=(172) time
29 1
-1 1
fi=(43) /build/buildd/eglibc-2.15/time/../sysdeps/generic/dl-hash.h
+17 1
fe=(42)
-16 2
fi=(43)
+17 1
fe=(42)
-17 1
fi=(43)
+15 1
+5 4
+1 2
+13 2
-17 3
+3 12
+1 6
+13 6
-17 9
+22 1
fe=(42)
-39 2
+3 2
-3 1
+3 1
cfi=(44)
cfn=(176)
calls=1 -5 
* 12
* 3
+1 2

fl=(40) /build/buildd/eglibc-2.15/string/../sysdeps/x86_64/multiarch/strcmp.S
fn=(168) strcasecmp
106 1
+1 1
+1 1
cfi=(41) /build/buildd/eglibc-2.15/csu/../sysdeps/x86_64/multiarch/init-arch.c
cfn=(170) __init_cpu_features
calls=1 -55 
* 56
+3 1
+1 1
+1 1
+2 1
+1 1
+1 1
+5 1
cob=(4) /usr/lib/valgrind/vgpreload_core-amd64-linux.so
cfi=(39) ???
cfn=(167) _vgnU_ifunc_wrapper'2
calls=1 0 
* 21

fn=(180) strncasecmp
130 1
+1 1
+4 1
+1 1
+1 1
+2 1
+1 1
+1 1
+5 1
cob=(4)
cfi=(39)
cfn=(167)
calls=1 0 
* 21

fl=(45) /build/buildd/eglibc-2.15/string/../sysdeps/x86_64/multiarch/strnlen.S
fn=(178) strnlen
30 1
+1 1
+2 1
+1 1
+1 1
+2 1
cob=(4)
cfi=(39)
cfn=(167)
calls=1 -37 
* 21

fl=(63) /build/buildd/eglibc-2.15/stdlib/cxa_atexit.c
fn=(304) __cxa_atexit
57 2
-22 1
+22 5
-22 1
cfn=(306) __new_exitfn
calls=1 +38 
* 42
+2 2
+4 2
+3 1
-1 1
+2 1
+2 1
+1 1
+11 5

fn=(306)
73 1
+6 2
-6 3
+6 4
+2 6
+2 3
-2 1
+10 1
-10 3
+45 1
+1 1
+3 4
+3 5
-35 2
+14 1
+1 2
-19 2

fl=(66)
fn=(334)
30 2
-1 2
+1 2
+5 3

fl=(62) /build/buildd/eglibc-2.15/csu/libc-start.c
fn=(302) (below main)
96 7
+10 1
-10 3
+10 3
+52 1
-52 1
+52 1
+1 4
cfi=(63)
cfn=(304)
calls=1 57 
* 65
+22 4
+3 2
+1 5
cob=(6) /home/paralleljoin/Desktop/src/fj2.o
cfi=(59) ???
cfn=(308) __libc_csu_init
calls=1 0 
* 54
+4 4
+15 2
+9 2
cfi=(64) /build/buildd/eglibc-2.15/setjmp/../sysdeps/x86_64/bsd-_setjmp.S
cfn=(330) _setjmp
calls=1 34 
* 29
+1 2
+5 2
+1 2
+3 2
+3 5
cob=(6)
cfi=(59)
cfn=(336) main
calls=1 0 
* 2674
106 2

fl=(46) /build/buildd/eglibc-2.15/time/../sysdeps/unix/sysv/linux/x86_64/gettimeofday.c
fn=(182) gettimeofday
31 1
-1 1
fi=(43)
+15 1
fe=(46)
-14 2
fi=(43)
+15 1
fe=(46)
-15 1
fi=(43)
+13 1
+5 4
+1 2
+13 2
-17 3
+3 12
+1 6
+13 6
-17 9
+22 1
fe=(46)
-37 2
+3 2
-3 1
+3 1
cfi=(44)
cfn=(176)
calls=1 -7 
* 12
+1 3
+1 2

fl=(41)
fn=(170)
53 1
-8 1
+8 1
+3 1
-3 1
+3 5
+92 2
+21 1
+1 1
+2 1
+1 2
65 1
-33 2
+6 1
-6 2
+6 1
+1 1
+30 1
-30 1
+30 1
-37 1
+6 1
+27 1
-26 1
+26 1
+4 1
+1 1
-38 2
+33 1
+5 1
+5 1
+2 1
-2 1
-17 1
+58 1
-38 1
+1 2
+33 3
-33 6

fl=(64)
fn=(330)
34 1
+2 1
cfi=(65)
cfn=(332)
calls=1 -10 
* 27

fl=(57)
fn=(258) handle_intel
307 2
+6 2
-6 14
+1 4
+13 2
+1 2
+2 2
-5 2
+11 4
+5 2
-5 4
+5 2
+7 10
cfn=(260) intel_check_word
calls=2 163 
* 1606
+1 4
+3 10
cfn=(260)
calls=2 163 
* 785
+1 4
+3 5
cfn=(260)
calls=1 163 
* 21
+1 2
+3 5
cfn=(260)
calls=1 163 
* 203
+1 2
-18 2
+1 4
+26 16

fn=(256) init_cacheinfo
552 1
+13 1
-13 1
+13 1
-13 1
+13 1
+7 2
+2 3
cfn=(258)
calls=1 307 
* 1667
+4 2
-4 1
+4 1
cfn=(258)
calls=1 307 
* 1054
+2 1
-2 1
-1 1
+3 1
+29 1
-18 1
+18 3
+7 5
+6 2
-6 12
+6 6
+3 20
+2 1
+6 6
+7 5
+2 1
+2 2
-4 4
+2 1
+2 6
+2 4
+5 1
+2 2
+1 1
-1 2
+1 1
+5 1
+12 4
+75 2
+2 1
+1 1
+2 1
-3 1
+5 1
-5 1
+4 3
+4 2
+2 1
+1 1
+2 1
-3 1
+5 1
+2 1
-7 1
+4 2
+3 1
-3 1
+3 2
-93 7

fn=(260)
163 60
+1 12
+8 6
-2 40
+14 26
+53 26
+36 65
-1 13
+1 13
cfi=(58)
cfn=(262)
calls=13 27 
* 2186
+2 26
+2 12
+14 2
+6 11
172 22
+2 13
+2 26
301 4
+1 42
-23 2
+2 4
+2 4

fn=(264)
152 87
+1 87
-1 174
+3 168
+1 87

fl=(67) /build/buildd/eglibc-2.15/stdlib/atoi.c
fn=(342) atoi
27 4
+1 12
cfi=(68)
cfn=(344)
calls=4 +82 
* 520
+1 8

fl=(56) /build/buildd/eglibc-2.15/elf/dl-altinit.c
fn=(254) dlinit_alt
33 3
+1 1

ob=(2) ???
fl=(14) ???
fn=(202) 0x0000000004c29398
0 2
cob=(3)
cfi=(32)
cfn=(204) 0x0000000000002588
calls=1 0 
0 6
0 1
cob=(3)
cfi=(32)
cfn=(210) 0x0000000000002620
calls=1 0 
0 6
0 1
cob=(3)
cfi=(32)
cfn=(216) 0x0000000000007c70
calls=1 0 
0 11
0 2

fn=(266) 0x0000000004a25480
0 2
cob=(4)
cfi=(39)
cfn=(268) 0x00000000000004d0
calls=1 0 
0 6
0 1
cob=(4)
cfi=(39)
cfn=(274) 0x0000000000000570
calls=1 0 
0 6
0 1
cob=(4)
cfi=(39)
cfn=(280) 0x00000000000006e0
calls=1 0 
0 11
0 2

fn=(310) 0x00000000004004e8
0 2
cob=(6)
cfi=(59)
cfn=(312) 0x00000000004005ac
calls=1 0 
0 6
0 1
cob=(6)
cfi=(59)
cfn=(318) 0x0000000000400640
calls=1 0 
0 6
0 1
cob=(6)
cfi=(59)
cfn=(324) 0x0000000000401280
calls=1 0 
0 11
0 2

ob=(4)
fl=(39)
fn=(166) _vgnU_ifunc_wrapper
0 54
cob=(5)
cfi=(40)
cfn=(180)
calls=1 130 
0 30
cob=(5)
cfi=(45)
cfn=(178)
calls=1 30 
0 27
cob=(5)
cfi=(40)
cfn=(168)
calls=1 106 
0 87

fn=(167)
0 63

fn=(274)
0 6

fn=(268)
0 6

fn=(280)
0 11

ob=(1) /lib/x86_64-linux-gnu/ld-2.15.so
fl=(12) /build/buildd/eglibc-2.15/string/../string/memcmp.c
fn=(28) bcmp
322 16
+7 16
-7 80
+7 16
+4 15
+2 1
+1 1
+4 2
-3 1
+1 2
-3 4
+1 4
+1 4
+1 4
+2 8
+2 5
-9 15
+16 5
-16 5
+16 10
+1 6
136 15
-19 3
353 6
+4 2
+2 2
-2 4
+1 2
+17 2
-12 4
+12 11
-12 22
+2 12
+1 12
+4 24
-52 33
+47 86
+1 86
+3 86
+1 172
-7 194
+12 11
+1 112
-24 2
228 2
+1 2
352 2
233 2
-4 2
+6 2
-2 2
+2 7
-99 6
+4 3
+1 3
+3 9
+48 3
-2 3
+1 3
+1 21
-80 3
+1 6
+4 6
-5 12
+1 24
+4 27
235 2
+6 1
+3 1
-5 1
+1 1
+4 1
-2 1
+56 2
-2 1
+2 2
-1 1
+1 2
+1 2
-31 1
-6 1
+1 1
+1 1
+4 1
+43 12
+1 4
-6 2

fl=(13) /build/buildd/eglibc-2.15/elf/dl-object.c
fn=(46) _dl_add_to_namespace_list
34 16
+2 4
-2 4
+2 4
cfi=(2) /build/buildd/eglibc-2.15/elf/rtld.c
cfn=(48) rtld_lock_default_lock_recursive
calls=4 844 
* 8
+2 29
+3 33
+2 3
+2 3
+4 3
+4 3
-4 6
+1 6
+1 6
+2 3
+1 9
-1 3
cfi=(2)
cfn=(50) rtld_lock_default_unlock_recursive
calls=3 850 
* 6
-4 1
+4 1
-4 2
+1 2
+1 2
+2 1
+1 3
-1 1
cfi=(2)
cfn=(50)
calls=1 850 
* 2
-5 2

fn=(30) _dl_new_object
63 36
+1 4
-1 16
+1 4
cfi=(9) /build/buildd/eglibc-2.15/string/../sysdeps/x86_64/multiarch/../rtld-strlen.S
cfn=(18) strlen
calls=4 -35 
* 202
+6 4
-6 4
+6 52
+7 16
cfi=(15) /build/buildd/eglibc-2.15/elf/dl-minimal.c
cfn=(34) calloc
calls=4 +34 
* 182
+3 4
-3 4
+3 8
+4 4
-1 4
-19 4
+25 4
-5 4
+5 4
-1 8
+1 4
cfi=(16) /build/buildd/eglibc-2.15/string/../sysdeps/x86_64/multiarch/../memcpy.S
cfn=(44) memcpy
calls=4 -27 
* 139
+2 4
-2 4
+5 8
-1 4
+1 12
+3 4
-3 4
+3 4
+6 4
+3 4
-7 4
+4 4
+3 4
-45 5
+47 2
-2 2
+2 30
-2 30
+18 4
-6 4
+1 4
-1 4
+6 24
+2 3
+3 3
-3 12
+3 3
+4 9
+4 9
+8 1
+6 1
-3 2
+3 5
-3 6
+3 6
+2 6
cfi=(9)
cfn=(18)
calls=3 29 
* 223
* 3
+4 3
-4 3
+4 3
+64 3
+4 36
-88 9
-39 8
+26 2
-2 1
+7 4
+8 3
+24 6
cfi=(15)
cfn=(38) malloc
calls=3 -66 
* 87
+1 3
-1 3
+1 9
+45 9
cfi=(22) /build/buildd/eglibc-2.15/string/../sysdeps/x86_64/memcpy.S
cfn=(66) mempcpy
calls=3 62 
* 120
* 3
+5 74
+1 74
-1 74
+1 77
-1 3
+1 3
+2 6
+3 6

fl=(24) /build/buildd/eglibc-2.15/string/../sysdeps/x86_64/multiarch/../strchr.S
fn=(70) index
26 5
+1 5
+1 5
+1 5
+1 5
+1 5
+1 5
+1 5
+1 5
+1 5
+1 5
+1 5
+1 5
+1 5
+1 5
+1 5
+1 5
+1 5
+1 5
+1 5
+1 5
+2 6
+1 6
+1 6
+1 6
+1 6
+1 6
+1 6
+1 6
+1 6
+2 5
+1 5
+1 2
+1 2
+1 2
+1 2
+1 3
+1 5

fl=(35) /build/buildd/eglibc-2.15/elf/dl-tls.c
fn=(132) _dl_next_tls_modid
51 1
+3 3
+48 2
+4 2

fn=(186) _dl_add_to_slotinfo
817 1
+9 1
-9 3
+6 2
+8 3
+42 1
-1 3
+1 1
-1 1
+1 1
+1 4

fn=(148) _dl_allocate_tls_storage
329 1
+13 1
-13 2
+2 1
+11 2
cfi=(15)
cfn=(42) __libc_memalign
calls=1 53 
* 49
+1 1
-1 1
+1 1
+7 1
+4 306
-58 1
+1 3
cfi=(15)
cfn=(34)
calls=1 111 
* 38
+1 2
-2 2
+11 2
+64 5

fn=(146) _dl_determine_tlsoffset
113 7
+6 3
+3 2
+36 3
+2 9
-2 7
+5 1
-1 1
+5 2
-4 1
-1 1
+17 1
-17 1
+3 2
+2 1
+12 1
-12 2
+16 5
+2 1
+1 1
-1 2
+10 1
-12 2
+15 6
+1 1
+51 1
+1 8

fn=(188) _dl_allocate_tls_init
377 7
+1 1
-1 1
+1 1
+4 1
+8 1
-5 1
+5 1
-6 1
-2 1
+8 3
+5 6
+6 3
-25 5
+47 2
+1 4
+2 2
+1 2
+8 4
+1 1
+1 3
cfi=(22)
cfn=(66)
calls=1 62 
* 23
* 5
cfi=(30) /build/buildd/eglibc-2.15/string/../sysdeps/x86_64/multiarch/../memset.S
cfn=(108) memset
calls=1 44 
* 28
* 3
-42 3
+6 4
+3 1
+1 2
+6 3
+3 1
-1 2
+38 2
+3 9

fl=(47) /build/buildd/eglibc-2.15/elf/dl-init.c
fn=(200) call_init.part.0
35 4
+21 4
-21 32
+21 4
+8 12
+2 6
+4 12
cob=(2)
cfi=(14)
cfn=(266)
calls=1 -70 
* 29
cob=(5)
cfi=(51)
cfn=(242)
calls=1 -17 
* 219
cob=(2)
cfi=(14)
cfn=(202)
calls=1 -70 
* 29
+4 4
+1 8
+6 6
+2 6
-2 3
+3 6
-49 14
+50 8
cob=(5)
cfi=(57)
cfn=(256)
calls=1 552 
* 2865
cob=(3)
cfi=(32)
cfn=(226) 0x0000000000002500
calls=1 -85 
* 17
* 12
cob=(5)
cfi=(56)
cfn=(254)
calls=1 -52 
* 4
cfi=(48) /build/buildd/eglibc-2.15/string/../sysdeps/x86_64/multiarch/../cacheinfo.c
cfn=(230) init_cacheinfo
calls=1 552 
* 2924
cob=(3)
cfi=(32)
cfn=(222) 0x0000000000002570
calls=1 -85 
* 24
-1 5
+1 5
-1 5
+3 24

fn=(198) _dl_init
93 11
+1 1
+1 1
+3 3
+7 2
+27 2
+1 6
+1 5
-1 5
+1 10
-97 15
+9 4
-3 8
+3 8
+5 6
+1 12
cfn=(200)
calls=3 -17 
* 6166
+81 6
+7 8
-88 4
-5 3
-10 3
+9 1
-3 2
+3 2
+5 2
+1 4
cfn=(200)
calls=1 -17 
* 125
+49 2

fl=(26) /build/buildd/eglibc-2.15/elf/dl-error.c
fn=(134) _dl_receive_error
198 10
+1 1
cfi=(2)
cfn=(84) _dl_initial_error_catch_tsd
calls=1 804 
* 2
+5 1
-1 1
-4 1
+9 1
+2 1
-3 1
+3 1
cfi=(2)
cfn=(136) version_check_doit
calls=1 663 
* 2531
+2 1
+1 1
+1 8

fn=(82) _dl_catch_error
160 35
+9 5
+2 5
cfi=(2)
cfn=(84)
calls=5 804 
* 10
* 5
+1 5
+2 10
-2 5
+2 5
cfi=(27) /build/buildd/eglibc-2.15/setjmp/../sysdeps/x86_64/setjmp.S
cfn=(86) __sigsetjmp
calls=5 26 
* 95
+1 5
-1 5
+1 5
+2 10
+1 5
-1 5
+1 5
cfi=(31) /build/buildd/eglibc-2.15/elf/dl-deps.c
cfn=(118) openaux
calls=2 62 
* 4950
cfi=(2)
cfn=(88) map_doit
calls=3 631 
* 5881
+1 15
+2 5
-1 10
+1 5
+1 10
+10 20

fl=(6) /build/buildd/eglibc-2.15/elf/dl-lookup.c
fn=(164) check_match.11236
132 504
+1 84
-1 84
+1 84
+2 168
+2 252
-2 168
+12 252
+3 228
cob=(3)
cfi=(32)
cfn=(120) strcmp
calls=15 0 
* 1274
* 30
+5 84
-1 84
+1 84
-1 84
+1 84
+2 164
+19 164
+1 656
+46 588
-18 4
+2 4
+1 6
-1 4
+1 2
-1 4
-29 246
cob=(3)
cfi=(32)
cfn=(120)
calls=82 0 
* 7504
* 164
-43 168

fn=(160) _dl_lookup_symbol_x
716 810
477 90
716 180
477 90
716 270
477 360
+1 180
-1 90
+1 270
-1 270
+1 2210
-1 1105
+1 3315
-1 3405
718 90
+4 90
+4 90
-8 90
+1 180
+7 254
+5 90
+2 180
-2 90
-1 90
+7 450
+8 12
-8 24
+2 1350
cfn=(162) do_lookup_x
calls=90 82 
* 41089
+3 180
-5 90
+33 180
+23 252
+1 504
+35 336
+14 252
+3 336
+5 84
+2 810
-81 42
+17 6
+1 12
+54 2

fn=(162)
82 810
+1 90
-6 90
+5 270
-5 630
230 90
+3 90
89 90
230 90
+32 90
-29 90
98 90
-3 90
+1 90
+2 90
+3 90
-3 90
+3 90
-3 282
-3 282
+1 282
+2 282
+3 282
-3 282
+3 282
+4 744
+4 744
+4 744
+7 1116
+4 1116
+1 1116
226 372
+1 744
+4 744
-2 372
+5 1488
+4 744
-1 744
+1 372
-1 744
+21 288
+24 576
462 1620
+1 125
cfi=(28) /build/buildd/eglibc-2.15/elf/dl-misc.c
cfn=(92) _dl_name_match_p
calls=25 305 
* 1386
* 150
+3 864
+3 6
+1 720
287 632
+4 114
+13 168
+1 168
+1 168
-65 372
-1 186
+2 186
+2 276
+10 276
-7 880
+2 168
+1 84
-1 84
+1 336
-1 252
+1 336
cfn=(164)
calls=84 132 
* 13226
+1 504

fn=(10) _dl_setup_hash
861 5
+3 15
+4 5
+4 10
+2 5
-1 5
+3 15
+5 5
-4 5
+1 10
+2 5
+1 5
+4 10
-7 5
+5 5
+1 5
+1 10
+14 10

fl=(60) /build/buildd/eglibc-2.15/elf/../sysdeps/x86_64/dl-trampoline.S
fn=(296) _dl_runtime_resolve
31 3
+2 3
+1 3
+1 3
+1 3
+1 3
+1 3
+1 3
+1 3
+1 3
+1 3
cfi=(61) /build/buildd/eglibc-2.15/elf/../elf/dl-runtime.c
cfn=(298) _dl_fixup
calls=3 +32 
* 2887
+1 3
+1 3
+1 3
+1 3
+1 3
+1 3
+1 3
+1 3
+1 3
+2 3

fl=(17) /build/buildd/eglibc-2.15/string/../sysdeps/x86_64/multiarch/../strcmp.S
fn=(52) strcmp
135 22
+1 22
+1 22
+1 9
+1 9
+1 9
+1 9
cfn=(53) strcmp'2
calls=9 -6 
* 765
+5 13
+1 13
+1 13
+1 13

fn=(53)
135 109
+1 109
+1 109
+1 101
+1 101
+1 101
+1 101
cfn=(53)
calls=100 -6 
* 12951
+2 1
+1 1
+2 8
+1 8
+1 8
+1 8

fl=(8) /build/buildd/eglibc-2.15/elf/../sysdeps/unix/sysv/linux/x86_64/brk.c
fn=(14) brk
29 1
+3 6
+8 1
-6 2
+7 1

fl=(19) /build/buildd/eglibc-2.15/posix/../sysdeps/unix/syscall-template.S
fn=(58) uname
82 4
+1 1

fl=(23) /build/buildd/eglibc-2.15/misc/../sysdeps/unix/syscall-template.S
fn=(68) mmap
82 55
+1 11

fn=(194) munmap
82 4
+1 1

fn=(106) mprotect
82 32
+1 8

fl=(33) /build/buildd/eglibc-2.15/io/../sysdeps/unix/sysv/linux/wordsize-64/xstat.c
fn=(124) _xstat
37 4
-1 4
+1 4
+1 24
+4 1
-4 12

fl=(29) /build/buildd/eglibc-2.15/io/../sysdeps/unix/sysv/linux/wordsize-64/fxstat.c
fn=(104) _fxstat
37 4
-1 4
+1 4
+1 24
+4 4

fl=(38) /build/buildd/eglibc-2.15/elf/dl-reloc.c
fn=(154) _dl_relocate_object
154 5
+11 10
-11 25
+10 10
-10 15
+15 5
-15 10
+11 5
+4 5
+1 25
+6 10
+6 15
+4 10
+8 10
-33 5
+78 5
fi=(4) /build/buildd/eglibc-2.15/elf/../sysdeps/x86_64/dl-machine.h
96 10
fe=(38)
239 10
fi=(4)
96 5
+39 3
fe=(38)
265 197
152 1
265 2
152 1
265 1
fi=(5) /build/buildd/eglibc-2.15/elf/do-rel.h
57 1
fe=(38)
265 1
fi=(5)
67 1
fe=(38)
265 1
fi=(5)
56 2
+11 2
fe=(38)
+85 4
265 8
152 4
265 4
fi=(5)
57 4
fe=(38)
265 4
fi=(5)
67 4
fe=(38)
265 4
fi=(5)
56 8
+11 8
fe=(38)
265 5
fi=(5)
57 5
fe=(38)
265 5
fi=(5)
67 5
fe=(38)
265 5
fi=(5)
56 10
+11 10
+3 20
fi=(4)
470 40
+4 40
+2 60
+1 20
fi=(5)
70 72
+2 75
+2 17
-4 3
+13 8
+1 5
+1 10
fi=(4)
470 10
+24 5
fi=(5)
84 5
fi=(4)
494 5
+2 5
cob=(5)
cfi=(46)
cfn=(182)
calls=1 31 
* 76
cob=(5)
cfi=(42)
cfn=(172)
calls=1 29 
* 76
cob=(4)
cfi=(39)
cfn=(166)
calls=3 0 
* 198
fi=(5)
84 5
fi=(4)
497 5
fi=(5)
84 6
184 1
fe=(38)
+81 3
fi=(5)
-81 9
fe=(38)
+81 27
+3 15
+40 5
+3 10
+17 15
+2 40
fi=(5)
93 6
+2 12
+12 6
-14 6
+14 6
-14 6
+14 6
+10 8
+3 8
fi=(4)
460 3
fi=(5)
121 3
fi=(4)
460 3
fi=(5)
121 3
fe=(38)
+31 6
fi=(5)
-31 2396
fi=(4)
460 2396
+1 2402
fi=(5)
120 2402
fi=(4)
461 1201
fi=(5)
120 1201
+7 18
+3 4
+3 4
-3 4
+3 10
fi=(4)
396 12
fi=(5)
136 475
+9 190
+1 95
+2 190
fi=(4)
268 95
fi=(5)
147 95
-2 95
+1 285
fi=(4)
268 95
+18 190
+7 1392
fi=(5)
146 6
+1 6
fi=(4)
293 12
fi=(5)
146 6
fi=(4)
293 318
fi=(5)
146 75
+1 75
fi=(4)
293 150
fi=(5)
146 75
fi=(4)
293 1197
cfi=(6)
cfn=(160)
calls=81 716 
* 53927
* 324
+2 285
+3 93
-3 186
+3 279
+6 190
96 8
+6 8
+4 12
+13 4
-8 4
+8 8
+13 4
+3 4
-3 4
+3 12
fe=(38)
+49 15
fi=(4)
-49 8
fe=(38)
265 24
fi=(4)
+28 300
fi=(5)
133 6
+19 6
fi=(4)
304 380
+85 84
fi=(5)
133 168
fi=(4)
389 84
fi=(5)
133 87
-16 3
fe=(38)
337 5
-1 10
+1 5
-1 10
+2 10
+3 10
+1 15
cfi=(23)
cfn=(106)
calls=5 82 
* 25
* 10
fi=(4)
+30 30
+4 30
+5 20
fi=(5)
133 10
fi=(4)
382 20
fi=(5)
133 20
fi=(4)
322 2
+1 1
fi=(5)
133 1
fi=(4)
323 1
fi=(5)
133 2
+36 18
+2 30
+8 12
+1 6
-1 6
+1 6
fi=(4)
+88 6
fi=(5)
-89 12
fi=(4)
+89 6
+18 12
+7 168
cfi=(6)
cfn=(160)
calls=6 716 
* 3344
* 24
+2 18
+3 2
-3 4
+3 6
+6 12
-11 48
fi=(5)
169 24
+14 4
fi=(4)
304 24
+85 18
-96 69
fe=(38)

fl=(10) /build/buildd/eglibc-2.15/elf/../misc/sbrk.c
fn=(20) sbrk
35 3
+8 1
-8 1
+8 5
+4 2
+11 5

fl=(28)
fn=(128) _dl_sysdep_read_whole_file
44 2
+7 1
-7 4
+7 1
-7 1
+7 1
cfi=(21) /build/buildd/eglibc-2.15/io/../sysdeps/unix/syscall-template.S
cfn=(98) open
calls=1 +31 
* 5
+1 1
-1 1
-6 1
+7 1
+2 4
cfi=(29)
cfn=(104)
calls=1 -17 
* 10
* 2
+2 1
+3 1
-3 1
+3 1
+13 2
cfi=(21)
cfn=(112) close
calls=1 +10 
* 5
+3 7
-14 7
cfi=(23)
cfn=(68)
calls=1 +21 
* 6
* 2

fn=(92)
305 240
+1 96
cob=(3)
cfi=(32)
cfn=(120)
calls=40 0 
* 520
cfi=(17)
cfn=(52)
calls=8 135 
* 604
* 48
+1 48
-1 48
+3 47
+8 47
-6 94
+4 50
-4 100
+1 159
cob=(3)
cfi=(32)
cfn=(120)
calls=43 0 
* 959
cfi=(17)
cfn=(52)
calls=10 135 
* 287
* 106
+1 3
+5 64
-1 44
+1 176

fl=(2)
fn=(50)
850 4
+1 4

fn=(136)
663 2
+2 4
cfi=(36) /build/buildd/eglibc-2.15/elf/dl-version.c
cfn=(138) _dl_check_all_versions
calls=1 387 
* 2521
* 2
+4 2

fn=(24) process_envvars
2561 1
+8 1
-8 7
+23 1
-23 1
+1 1
+7 1
-7 1
+7 3
-4 1
-1 1
+5 2
+2 2
cfi=(11) /build/buildd/eglibc-2.15/elf/dl-environ.c
cfn=(26) _dl_next_ld_env_entry
calls=1 31 
* 56
* 4
cfi=(11)
cfn=(26)
calls=2 31 
* 276
* 9
+4 46
+1 19
-1 57
+3 4
+6 12
2737 1
-4 1
+4 2
+33 2
+22 8
2660 4
cfi=(12)
cfn=(28)
calls=1 322 
* 105
* 2
-53 4
cfi=(12)
cfn=(28)
calls=1 322 
* 22
* 2
+7 4
cfi=(12)
cfn=(28)
calls=1 322 
* 70
* 2
+2 2
+1 1
+45 2
+1 1

fn=(48)
844 4
+1 4

fn=(144) init_tls.part.3
722 1
+13 1
+4 4
cfi=(15)
cfn=(34)
calls=1 111 
* 38
+11 1
-15 1
+3 1
+8 1
-11 1
+15 1
+2 1
-1 2
+3 10
+4 1
+2 1
-2 3
-5 1
-1 2
+1 4
-1 10
+10 3
+3 1
cfi=(35)
cfn=(146)
calls=1 113 
* 73
+7 1
cfi=(35)
cfn=(148)
calls=1 329 
* 419
+1 1
-1 1
+1 1
+6 1
+8 1
-8 1
+8 6
+7 1
-3 1
+3 2

fn=(150) security_init
857 2
+2 1
fi=(37) /build/buildd/eglibc-2.15/elf/../sysdeps/unix/sysv/linux/dl-osinfo.h
74 2
+23 1
+2 2
fe=(2)
861 1
+6 3
+2 1
fi=(37)
114 2
+11 1
fe=(2)
872 1
+2 1
+6 1
+1 3

fn=(2) _dl_start
368 9
+18 4
fi=(4)
76 2
fe=(2)
386 1
+29 2
-3 1
fi=(3) /build/buildd/eglibc-2.15/elf/dynamic-link.h
121 1
fe=(2)
415 1
fi=(3)
121 2
+7 1
+5 1
+3 1
+2 1
-9 1
fe=(2)
367 2
fi=(3)
124 30
+15 15
-18 45
+18 1
-18 3
+2 40
+5 20
+1 16
+10 4
-18 13
+25 2
+20 4
+1 4
+1 4
+1 4
+2 4
+5 4
+1 4
+1 4
+6 3
+5 2
+7 3
+1 3
+8 3
+2 3
+3 2
+1 2
fe=(2)
543 3
+7 1
291 66
+12 2
cfi=(6)
cfn=(10)
calls=1 861 
* 27
+1 1
+1 1
-1 1
+1 1
+1 1
+1 1
-1 1
+1 1
+21 1
+10 1
-10 3
+10 1
-6 1
-4 1
+10 1
cfi=(7) /build/buildd/eglibc-2.15/elf/../elf/dl-sysdep.c
cfn=(12) _dl_sysdep_start
calls=1 89 
* 103216
* 1
+9 4
+3 1
+4 1
-4 1
+4 1
575 9
fi=(3)
130 4
+3 4
fe=(2)
548 24
fi=(5)
93 1
-1 1
+3 2
+25 2
fi=(4)
460 1
fi=(5)
121 1
fi=(4)
460 1
fi=(5)
121 1
fe=(2)
367 2
fi=(5)
121 26
fi=(4)
460 26
+1 28
fi=(5)
120 28
fi=(4)
461 14
fi=(5)
120 14
+5 2
+8 1
fi=(4)
304 1
fi=(5)
133 2
+13 1
+2 1
fi=(4)
286 3
fi=(5)
146 7
+2 7
fi=(4)
286 21
fi=(5)
146 24
fi=(4)
295 24
+3 8
-3 16
+3 24
+6 8
fi=(5)
148 8
fi=(4)
304 40
fi=(3)
136 4
+1 1
+1 3
fi=(4)
382 8
fi=(5)
133 16
fi=(4)
382 8
fi=(5)
133 9
fe=(2)
291 4

fn=(22) dl_main
896 1
+19 1
-19 3
+27 1
-27 2
+22 1
-22 3
+32 1
-32 3
+32 1
-6 1
+9 1
-16 1
+3 1
+5 1
-1 1
+9 1
cfn=(24)
calls=1 2561 
* 741
+7 3
1126 7
cfi=(13)
cfn=(30)
calls=1 63 
* 242
+2 1
-2 1
+2 1
+1 1
+1 1
+5 1
-4 1
+4 1
-4 1
+4 1
cfi=(13)
cfn=(46)
calls=1 34 
* 34
+1 4
905 1
1165 2
-3 1
-5 1
+1 1
+7 1
-5 1
+5 3
+56 2
902 1
1221 2
-55 24
-1 27
+1 47
-1 2
1268 3
+3 2
+2 2
+2 2
+13 3
+1 7
cfi=(17)
cfn=(52)
calls=1 135 
* 7
* 2
+17 2
fi=(3)
106 1
+9 2
+6 1
-2 1
+2 4
+7 1
+5 1
+3 1
-7 14
+10 3
fe=(2)
892 6
fi=(3)
121 9
+8 15
+10 15
fe=(2)
892 30
fi=(3)
121 45
+18 1
fe=(2)
892 2
fi=(3)
121 3
+2 38
+5 16
+2 4
fe=(2)
1261 2
+1 2
+1 1
-6 2
+1 1
-88 3
+1 1
+50 6
-1 2
+2 4
+1 1
+3 2
+1 2
-1 2
+1 2
+1 2
+1 6
+1 2
-45 2
+2 1
+7 1
+18 1
-25 1
-3 1
+10 1
-19 3
+1 1
fi=(3)
146 3
+38 3
+5 2
+7 2
+1 3
+16 3
+14 3
+7 2
fe=(2)
1311 2
cfi=(6)
cfn=(10)
calls=1 861 
* 27
+3 2
+20 2
+94 6
+5 2
cfi=(20) /build/buildd/eglibc-2.15/elf/dl-load.c
cfn=(60) _dl_init_paths
calls=1 712 
* 2141
+3 3
cfi=(25) /build/buildd/eglibc-2.15/elf/dl-debug.c
cfn=(76) _dl_debug_initialize
calls=1 52 
* 18
+7 1
-7 1
+2 1
+5 1
+4 1
+1 1
+2 1
-1 1
-2 3
+1 1
+3 1
+5 2
+5 1
+2 2
+2 1
892 2
1464 1
892 1
1465 1
892 1
1469 1
+1 2
+1 2
-1 1
+1 2
+2 2
+1 2
+5 2
+5 3
911 1
1665 3
+3 2
+4 3
+5 2
+1 1
cfi=(25)
cfn=(78) _dl_debug_state
calls=1 77 
* 1
+4 3
+15 3
+4 3
+31 3
cfi=(21)
cfn=(64) access
calls=1 82 
* 11
* 2
+77 4
+17 3
+1 1
-1 1
+1 2
-1 1
+1 4
cfi=(31)
cfn=(114) _dl_map_object_deps
calls=1 149 
* 6816
+1 1
+5 1
-5 3
+2 2
+3 4
+1 4
-1 2
+1 16
-1 8
+4 3
+1 3
+1 1
+2 2
+1 2
-1 1
+1 12
-1 9
+47 2
+2 2
-2 2
+1 2
-1 1
+2 1
-1 2
+1 1
cfi=(26)
cfn=(134)
calls=1 198 
* 2561
+10 1
+1 1
-1 1
+1 1
+3 2
+3 1
cfn=(150)
calls=1 857 
* 22
+2 3
2137 3
+56 1
+11 1
-11 1
+4 4
+4 2
+3 1
+8 2
1296 1
+3 1
-5 1
+3 1
+2 1
+1 2
+4 2
-57 3
2293 4
+2 1
+6 1
-6 1
+6 1
+9 4
+1 1
+5 2
cfi=(35)
cfn=(188)
calls=1 377 
* 137
+4 2
+14 3
+2 4
+15 1
+2 1
-2 1
+3 2
-3 2
+3 2
-3 1
+3 1
cfi=(38)
cfn=(154)
calls=1 154 
* 6127
+1 4
+2 2
+8 1
cfi=(7)
cfn=(190) _dl_sysdep_start_cleanup
calls=1 252 
* 1
+4 3
+20 3
cfi=(25)
cfn=(76)
calls=1 52 
* 9
+1 1
+1 1
cfi=(25)
cfn=(78)
calls=1 77 
* 1
+4 1
cfi=(34) /build/buildd/eglibc-2.15/elf/dl-cache.c
cfn=(192) _dl_unload_cache
calls=1 309 
* 15
+5 8
fi=(3)
133 4
fe=(2)
2258 3
+7 1
-7 1
+9 5
+1 5
+1 12
+2 5
-2 5
+2 10
+5 10
+2 10
+7 5
-2 5
+2 10
+1 32
cfi=(38)
cfn=(154)
calls=4 154 
* 73151
+4 12
+1 2
cfi=(35)
cfn=(186)
calls=1 817 
* 21
* 1
1842 2
+13 1
-1 1
+1 1
-1 1
+1 1
+2 1
+2 3
+2 1
-4 1
+5 1
-1 2
+14 2
+1 2
+1 3
-25 2
fi=(3)
136 4
+1 1
+1 3
fe=(2)
1330 2
+98 1
cfi=(18) /build/buildd/eglibc-2.15/elf/../sysdeps/unix/sysv/linux/dl-sysdep.c
cfn=(56) _dl_discover_osversion
calls=1 67 
* 89
* 2
+29 4
-11 4
2139 1
904 2
729 1
-4 2
+4 2
cfn=(144)
calls=1 -7 
* 598
* 2
1708 2
cfi=(9)
cfn=(18)
calls=1 29 
* 211
* 8
cfi=(16)
cfn=(44)
calls=1 62 
* 112
* 1
+3 5
-12 1
+12 2
+3 3
cfi=(15)
cfn=(74) strsep
calls=1 320 
* 781
* 9
cfi=(15)
cfn=(74)
calls=3 320 
* 1621
* 12
+1 6
+1 9
+2 12
cfn=(80) do_preload
calls=3 810 
* 6133
* 6
+2 1
+1 2
-1 3
+2 3
+91 5
+1 1
-1 3
+4 3
+1 1
+1 2
-2 3
+1 1
+1 2
+1 2
2280 1
+1 1
-3 2

fn=(80)
810 3
+12 3
-12 15
+10 3
-4 3
+1 3
+5 12
-10 3
+6 3
+4 3
cfi=(26)
cfn=(82)
calls=3 160 
* 6052
+1 6
+10 9
+4 15

fn=(84)
804 12

fn=(88)
631 6
+2 21
cfi=(20)
cfn=(90) _dl_map_object
calls=3 2276 
* 5845
* 3
+2 6

fl=(22)
fn=(66)
62 16
+4 16
+3 15
+1 15
+2 5
+1 5
+2 5
+1 5
+5 5
+1 5
-1 10
+1 10
+2 10
+1 10
+2 10
+1 10
+5 10
+1 10
-1 5
+1 5
+2 6
+1 6
+2 6
+1 6
+5 6
+1 6
-1 9
+1 9
+2 7
+1 7
+2 7
+1 14
+5 7
+1 7
-1 8
+1 11
+5 3
+1 3
+1 3
+1 3
+2 3
+2 3
+1 3
+2 3
+6 15
+4 15
+12 3
+2 3
+1 3
+26 3
+1 3
+3 3
+1 3
+1 3
+5 3
+2 3
+1 3
+1 3
+1 3
+2 3
+1 3
+1 3
+1 3
+2 3
+1 3
+2 3
+22 3
+2 3
+2 1
+7 1

fl=(15)
fn=(42)
53 100
+1 100
+11 25
+1 25
-1 25
+3 25
-3 25
+3 138
+4 12
+1 6
+6 21
cfi=(23)
cfn=(68)
calls=3 +3 
* 18
+2 6
+2 9
+2 9
+3 3
+1 3
+2 15
-3 22
+1 22
+2 110
-31 3
+1 1
-2 3

fn=(74)
320 7
+3 14
+2 7
+1 14
+4 40
+5 10
-5 342
+5 692
+2 1044
+8 173
-15 521
+18 2
+4 14
-13 6
+2 6
+7 6

fn=(38)
95 24
+1 48
cfn=(42)
calls=24 -43 
* 677

fn=(34)
111 9
-3 9
+3 18
-3 9
+3 18
+4 18
cfn=(38)
calls=9 -20 
* 291

fl=(9)
fn=(18)
29 16
+1 16
+1 16
+1 16
+2 5
+1 5
+2 5
+1 5
-1 4
+1 4
+1 8
+1 8
+1 8
+2 30
+5 15
+1 15
+1 15
+1 15
+3 15
-6 10
+1 10
+1 10
+1 10
+3 10
+1 24
+1 24
+1 24
+2 24
+3 24
+1 24
+1 24
+1 24
+3 24
+1 19
+1 19
+1 19
+2 19
+3 16
+1 16
+1 16
+1 16
+3 16
+1 13
+1 13
+1 13
+2 13
+3 13
+1 13
+1 13
+1 13
+3 13
+1 12
+1 12
+1 12
+2 14
+3 2
+2 2
+1 2
-3 13
+2 13
+1 13
+1 15
+2 15
+1 15
+1 13
+2 13
+1 13
+1 13
+2 13
+1 13
+1 10
+2 10
+2 10
+1 10
+1 10
+2 10
+1 10
+1 6
+2 6
+1 6
+1 5
+2 5
+1 5
-1 11
+1 11

fl=(36)
fn=(140) _dl_check_map_versions
180 45
+15 5
-15 10
+15 10
+2 5
+3 5
-3 5
+2 5
+1 5
+2 5
-3 5
+3 5
+3 6
+4 2
-4 2
+4 10
+17 2
62 2
226 4
62 16
+1 7
-1 14
+2 27
cfi=(28)
cfn=(92)
calls=9 305 
* 715
* 18
230 4
+4 6
+5 8
+20 1
-16 35
cfn=(142) match_symbol
calls=1 82 
* 145
* 6
cfn=(142)
calls=2 82 
* 322
* 3
+8 6
-8 6
+11 9
+9 8
-74 3
-8 3
+96 10
+3 8
+10 23
-7 46
-3 46
+6 69
-3 4
-3 4
+6 6
+8 10
+87 45
-81 12
cfi=(15)
cfn=(34)
calls=3 111 
* 114
+1 3
-2 3
+2 3
+11 3
+2 3
-5 3
+3 6
+2 3
+3 8
+4 6
+18 1
-15 3
+2 3
-2 6
+2 6
+2 3
+1 3
-1 9
+1 3
+1 3
-2 3
+2 6
+1 9
+3 9
+8 6
+10 6
+3 10
+20 23
-14 23
-2 23
+2 25
-2 2
+2 2
+4 23
+2 23
-1 46
+1 23
-1 69
+1 23
+1 23
+3 77

fn=(142)
82 30
+9 3
-8 3
-1 9
+1 3
+8 3
+6 9
+15 3
+1 6
+2 3
+5 6
+14 20
+12 21
+4 7
-30 14
+16 3
+3 15
cob=(3)
cfi=(32)
cfn=(120)
calls=3 0 
* 273
* 9
+3 3
+32 24

fn=(138)
387 5
+2 1
-2 2
+4 4
+1 15
+1 20
cfn=(140)
calls=5 180 
* 2432
-2 5
+1 20
-1 10
+5 7

fl=(11)
fn=(26)
31 3
+1 3
+2 12
+2 96
+11 46
-13 138
-2 1
+19 1
-14 24
+5 2
-3 2
+3 2
+2 2

fl=(7)
fn=(62) _dl_important_hwcaps
354 1
+3 1
-3 7
+3 1
-1 1
+1 1
+9 1
-12 4
+12 1
+10 1
-1 1
-1 1
+2 3
+44 5
cfi=(21)
cfn=(64)
calls=1 82 
* 11
* 4
611 9
418 1
+17 1
-17 1
+17 5
+3 2
+27 2
+8 2
+2 1
+1 1
-1 2
+1 4
+4 1
+4 1
-4 1
+1 1
-1 1
+4 1
+4 4
-1 2
+4 6
+1 2
+18 8
+1 1
-1 2
+1 3
cfi=(15)
cfn=(38)
calls=1 95 
* 29
+1 1
-1 1
+1 1
+7 2
+25 1
-3 3
+3 1
+28 4
-5 1
+5 4
+1 1
-1 6
+1 3
-1 9
+10 1
352 1
577 2
+5 1
352 2
577 3
+3 1
-3 1
+3 1
-3 3
+3 1
-3 1
+3 7
+1 12
+1 4
-1 4
+1 8
-2 4
+1 8
-1 14
+4 4
+3 1
+2 2
-1 1
-1 2
+2 4
+13 3
-13 1
+13 4
+1 1
+2 2
-3 3
+1 1
+2 2
+3 3
+2 1
448 2
-12 2
546 3
cfi=(22)
cfn=(66)
calls=1 62 
* 22
* 1
+1 1
-1 1
+1 2
cfi=(22)
cfn=(66)
calls=1 62 
* 22
* 5

fn=(190)
252 1

fn=(12)
89 7
+25 1
-1 1
+1 1
-25 1
+25 152
+3 1
-3 1
-23 1
+27 1
-28 1
+27 1
+3 1
-6 1
+6 10
+1 1
-1 3
+1 102
+3 3
-4 1
-34 2
+34 20
-34 34
+34 60
fi=(18)
-84 2
cfi=(8)
cfn=(14)
calls=1 -7 
* 11
fi=(4)
224 5
fe=(7)
+5 2
cfi=(10)
cfn=(20)
calls=1 35 
* 17
* 3
+12 3
+3 5
cfi=(2)
cfn=(22)
calls=1 896 
* 102694
+2 9
-67 1
+1 1
-26 1
+1 1
+8 1
+1 1
-4 1
+1 1
-4 1
+1 1
-25 1
+1 1
-4 1
+1 1
-4 1
+1 1
+99 1
cfi=(9)
cfn=(18)
calls=1 29 
* 39
* 2

fl=(48)
fn=(236) intel_check_word
163 60
+1 12
+8 6
-2 40
+14 26
+53 26
+36 65
-1 13
+1 13
cfi=(50) /build/buildd/eglibc-2.15/stdlib/bsearch.c
cfn=(238) bsearch
calls=13 27 
* 2186
+2 26
+2 12
+14 2
+6 11
172 22
+2 13
+2 26
301 4
+1 42
-23 2
+2 4
+2 4

fn=(230)
552 1
+13 1
-13 1
+13 1
-13 1
+13 1
+7 2
-6 1
cfi=(49) /build/buildd/eglibc-2.15/csu/../sysdeps/x86_64/multiarch/init-arch.c
cfn=(232) __init_cpu_features
calls=1 53 
* 56
* 2
+8 3
cfn=(234) handle_intel
calls=1 307 
* 1667
+4 2
-4 1
+4 1
cfn=(234)
calls=1 307 
* 1054
+2 1
-2 1
-1 1
+3 1
+29 1
-18 1
+18 3
+7 5
+6 2
-6 12
+6 6
+3 20
+2 1
+6 6
+7 5
+2 1
+2 2
-4 4
+2 1
+2 6
+2 4
+5 1
+2 2
+1 1
-1 2
+1 1
+5 1
+12 4
+75 2
+2 1
+1 1
+2 1
-3 1
+5 1
-5 1
+4 3
+4 2
+2 1
+1 1
+2 1
-3 1
+5 1
+2 1
-7 1
+4 2
+3 1
-3 1
+3 2
-93 7

fn=(240) intel_02_known_compare
152 87
+1 87
-1 174
+3 168
+1 87

fn=(234)
307 2
+6 2
-6 14
+1 4
+13 2
+1 2
+2 2
-5 2
+11 4
+5 2
-5 4
+5 2
+7 10
cfn=(236)
calls=2 163 
* 1606
+1 4
+3 10
cfn=(236)
calls=2 163 
* 785
+1 4
+3 5
cfn=(236)
calls=1 163 
* 21
+1 2
+3 5
cfn=(236)
calls=1 163 
* 203
+1 2
-18 2
+1 4
+26 16

fl=(1) ???
fn=(0) 0x00000000000016b0
0 2
cfi=(2)
cfn=(2)
calls=1 368 
0 104053
0 14
cfi=(47)
cfn=(198)
calls=1 93 
0 6427
0 3
cob=(6)
cfi=(59)
cfn=(288) 0x0000000000400580
calls=1 0 
0 3994

fl=(61)
fn=(298)
74 6
+6 6
-6 3
+6 3
-6 9
+3 3
-1 3
+6 3
-5 3
+3 3
+1 3
-1 3
+1 3
+1 3
-1 6
+6 3
-6 9
+6 3
+4 9
+4 3
-2 3
+2 6
+4 6
+1 12
+2 9
+7 9
-1 3
+8 6
+3 27
cfi=(6)
cfn=(160)
calls=3 716 
* 2629
* 3
+4 9
+4 12
+6 21
+8 3
+8 12
+4 9
fi=(4)
+81 3
fe=(61)
-77 18

fl=(50)
fn=(238)
27 130
+7 13
-7 13
+20 13
-13 52
+7 26
+1 23
-8 46
+2 87
+2 87
-2 87
+1 348
+1 174
cfi=(48)
cfn=(240)
calls=87 152 
* 603
+1 174
+1 61
-6 122
+13 10
+1 117

fl=(16)
fn=(44)
62 16
+2 16
+2 16
+3 16
+1 16
+2 1
+1 1
+2 1
+1 1
+5 1
+1 1
-1 15
+1 15
+2 3
+1 3
+2 3
+1 6
+5 3
+1 3
-1 13
+1 13
+2 4
+1 4
+2 4
+1 4
+5 4
+1 4
-1 12
+1 12
+2 8
+1 8
+2 8
+1 8
+5 8
+1 8
-1 8
+1 17
+5 9
+1 9
+1 9
+1 9
+2 9
+2 9
+1 9
+2 9
+8 16
+8 7
+6 7
+2 7
+1 7
+3 2
+1 4
+5 2
+1 2
+2 2
+2 2
+1 2
+2 2
-8 4
+1 4
+2 4
+2 4
+1 4
+2 6
+9 2
+1 2
-1 5
+1 5
+3 7
+1 7
+1 7
+5 7
+2 7
+1 7
+1 7
+1 7
+2 7
+1 7
+1 7
+1 7
+2 7
+1 7
+2 7
+2 2
+2 2
+1 2
+1 2
+1 2
+2 2
+1 2
+1 2
+1 2
+2 2
+1 2
+2 3
+5 1
+6 1
+1 1
-7 6
+6 6
+1 6

fl=(27)
fn=(86)
26 5
+2 5
+1 10
+1 5
+4 5
+1 5
+1 5
+1 5
+1 5
+2 10
+2 5
+1 5
+2 10
+2 5
+4 5
+1 5

fl=(31)
fn=(118)
62 4
+7 2
-4 6
+2 2
-2 2
+2 2
-2 10
cfi=(20)
cfn=(90)
calls=2 2276 
* 4916
* 2
+5 4

fn=(114)
149 1
+1 1
-1 2
+1 1
-1 1
+1 1
-1 1
+1 2
-1 5
+1 1
-1 1
+1 2
+16 1
-16 1
+14 1
+1 1
+1 1
+6 4
+10 2
-14 1
+14 1
-36 3
+20 1
-2 1
+19 1
-17 1
+6 1
-6 1
-2 1
+2 1
-2 1
+1 1
+1 1
+6 3
+10 1
-10 1
+10 1
-16 1
-2 1
+19 1
-17 1
+6 1
-6 1
-2 1
+2 1
-2 1
+1 1
+1 1
+6 3
+10 1
-10 1
+10 5
+4 1
+21 1
+1 1
-22 2
+19 1
+3 3
-3 1
+7 1
+1 1
-1 1
+5 1
+4 2
-9 4
+1 4
-1 4
+5 4
+4 8
+12 10
+2 2
+11 2
-4 2
+1 2
-2 2
-6 2
+7 2
+1 2
-8 2
+5 2
+6 14
+50 4
+1 3
-51 176
+1 88
+6 10
cob=(3)
cfi=(32)
cfn=(116) index
calls=2 0 
* 202
* 6
+5 10
-3 2
+3 2
cfi=(26)
cfn=(82)
calls=2 -98 
* 5064
+2 6
+15 2
+2 4
+5 2
+6 2
+2 2
-8 4
+5 2
-2 2
+1 2
+2 2
+4 12
-59 12
-19 3
477 10
+2 9
+3 6
-1 3
cfi=(15)
cfn=(38)
calls=3 95 
* 87
+2 3
-2 3
+2 3
+4 12
-1 3
+2 3
-1 3
cfi=(16)
cfn=(44)
calls=3 62 
* 59
+1 12
cfi=(16)
cfn=(44)
calls=3 62 
* 59
+4 3
-1 3
+5 25
+2 5
+1 30
222 30
+2 3
+2 3
-2 3
+2 6
+2 39
499 1
206 1
499 2
+4 5
+1 2
+3 5
+11 3
-1 1
cfi=(15)
cfn=(38)
calls=1 95 
* 29
+3 1
-3 1
+3 1
+5 2
+1 1
-1 2
+1 1
-1 1
+1 8
+8 4
+4 2
-10 3
-2 4
+8 16
+4 8
-10 13
+13 2
+51 5
+2 3
213 2
637 1
-5 1
+6 2
-2 1
+1 5
+1 3
cfi=(30)
cfn=(108)
calls=1 44 
* 18
* 5
+4 1
+7 1
-6 2
+6 1
-7 3
+7 3
-6 6
+6 9
+2 12
+1 6
-1 12
+1 9
+3 15
-1 24
+23 6
-28 12
+31 12
+3 24
cfi=(30)
cfn=(108)
calls=3 44 
* 40
* 10
+7 2
+2 1
+1 1
-1 1
+9 2
+3 3
+3 8
299 168
630 6
cfi=(16)
cfn=(44)
calls=1 62 
* 42
+2 3

fl=(20)
fn=(102) _dl_map_object_from_fd
916 33
+11 3
-11 3
+11 3
-11 6
+11 3
cfi=(25)
cfn=(76)
calls=3 52 
* 27
+4 9
-4 3
+4 3
cfi=(29)
cfn=(104)
calls=3 37 
* 30
* 6
+11 21
+1 9
-1 27
+1 36
+17 6
+25 9
+10 6
+22 12
+31 6
928 3
1051 21
cfi=(13)
cfn=(30)
calls=3 63 
* 1566
+1 3
-1 3
+1 3
+11 3
+2 3
-2 3
+5 3
-4 3
-1 3
+4 3
-2 3
+2 3
-3 3
+5 3
-2 3
+1 9
+25 3
+8 3
-27 3
+19 15
+8 9
-8 3
+8 6
-8 3
+8 9
+89 6
-95 3
-1 3
-10 3
1190 9
-88 40
+6 6
+1 12
-8 192
+1 137
+60 3
+4 1
+1 1
+1 1
-1 1
+1 2
+3 3
+1 1
+3 1
-3 1
+7 4
+6 1
cfi=(35)
cfn=(132)
calls=1 51 
* 8
* 3
+1 1
-73 2
+1 1
1244 6
+1 9
+1 3
-6 6
+1 3
1119 30
+6 12
+1 6
-1 24
+10 12
-2 6
+1 6
+4 6
-4 6
-1 12
+1 6
-1 6
+2 6
-1 6
+3 6
-1 6
+3 6
+4 6
-7 6
+2 6
+1 6
+4 6
+1 15
+5 21
+10 3
-10 21
+10 3
+90 6
+13 3
1064 3
1262 3
-3 3
+3 9
1064 3
1262 3
+2 3
-2 3
+2 3
+14 6
+5 18
cfi=(23)
cfn=(68)
calls=3 82 
* 18
+4 3
-4 3
+4 6
+7 6
+1 3
+2 3
-3 3
+1 3
+2 3
+10 3
+35 18
+1 9
+2 12
+7 24
+6 3
+2 3
-2 3
+1 3
+2 3
-1 3
+1 3
-1 12
+8 6
+3 6
+11 24
cfi=(30)
cfn=(108)
calls=3 44 
* 415
+1 18
+5 6
+15 6
-73 30
+2 12
+2 30
cfi=(23)
cfn=(68)
calls=3 82 
* 18
* 6
-30 3
-1 15
cfi=(23)
cfn=(106)
calls=3 82 
* 15
* 3
1407 3
-77 3
+77 6
+9 6
fi=(3)
115 3
fe=(20)
1416 3
fi=(3)
115 3
+6 3
-2 3
+2 6
+7 3
+5 3
+3 3
-7 3
fe=(20)
913 6
fi=(3)
129 40
+10 10
-18 30
+8 46
+10 46
-18 138
+18 3
-18 9
+2 118
+5 52
+2 12
+16 6
+20 10
+1 12
+1 12
+1 12
+2 12
+5 12
+1 10
+1 12
+6 9
+5 6
+7 6
+1 9
+16 9
+5 1
+2 1
-2 2
+2 1
+2 2
+2 2
+3 9
+2 4
+2 4
+3 6
fe=(20)
1422 12
+16 9
+19 6
+2 15
+55 9
+1 2
+3 2
cfi=(21)
cfn=(112)
calls=1 82 
* 5
* 4
cfi=(21)
cfn=(112)
calls=2 82 
* 10
* 6
+8 6
+3 9
+2 3
-2 3
+2 3
+16 6
cfi=(6)
cfn=(10)
calls=3 861 
* 81
+4 6
+19 6
+4 3
-4 3
+8 3
-8 3
+4 3
+4 3
+6 9
cfi=(13)
cfn=(46)
calls=3 34 
* 132
+4 9
+20 27
-56 6
fi=(3)
133 12
+3 12
+1 3
+1 9
fe=(20)
1346 10
+2 2
-1 8
+1 8
-1 4
+3 8
+42 8
cfi=(23)
cfn=(68)
calls=1 82 
* 6
+3 2

fn=(60)
712 1
+15 2
-15 8
+15 3
cfi=(7)
cfn=(62)
calls=1 354 
* 351
+5 1
-5 1
+5 1
cfi=(15)
cfn=(38)
calls=1 95 
* 29
+1 1
-1 1
-1 1
+2 1
+8 1
-1 1
+1 1
-1 4
+5 2
cfi=(15)
cfn=(38)
calls=1 95 
* 52
+2 1
-3 1
+3 1
+17 1
+12 1
-14 1
+12 1
-5 1
-5 1
+3 1
+9 1
-65 1
+42 1
+1 1
+13 1
-56 1
+54 1
-54 1
+57 1
-12 1
-45 1
+62 8
-62 20
+61 8
-61 4
+61 12
+2 4
-1 12
+1 4
-1 48
+1 8
-1 24
+3 18
-14 3
+14 3
-12 3
-2 3
+2 3
+4 3
-3 3
+2 3
+2 3
-1 6
+4 3
-3 3
+3 6
-3 3
-7 6
+25 1
-11 1
+6 1
+1 1
+5 2
+2 4
+2 3
+32 5
+8 3
cfi=(24)
cfn=(70)
calls=1 26 
* 34
* 2
+2 2
cfi=(9)
cfn=(18)
calls=1 29 
* 64
* 8
cfi=(16)
cfn=(44)
calls=1 62 
* 36
* 1
+17 8
+2 1
+1 3
+1 1
-4 3
+2 28
+1 84
+1 28
-4 85
+8 1
cfi=(15)
cfn=(38)
calls=1 95 
* 29
+1 1
-2 1
+2 1
+6 7
cfn=(72) fillin_rpath
calls=1 491 
* 967
+4 3
+6 1
+4 8
-72 1
-2 1
+2 2
+11 2

fn=(94) expand_dynamic_string_token
421 14
+10 2
-10 2
+10 2
-10 2
+10 2
cfi=(24)
cfn=(70)
calls=2 26 
* 95
* 4
161 4
cfi=(9)
cfn=(18)
calls=2 29 
* 160
* 2
+1 4
cfi=(15)
cfn=(38)
calls=2 -67 
* 58
+2 4
+3 4
446 6
167 2
446 6
167 2
cfi=(16)
cfn=(44)
calls=2 62 
* 98

fn=(72)
491 3
+2 1
-2 11
+4 3
cfi=(15)
cfn=(74)
calls=1 320 
* 248
* 6
cfi=(15)
cfn=(74)
calls=2 320 
* 248
* 9
+3 4
cfi=(9)
cfn=(18)
calls=2 29 
* 96
+4 2
-4 2
+4 2
+7 8
+5 4
+3 6
+4 22
+1 14
cfi=(12)
cfn=(28)
calls=1 322 
* 126
* 2
+7 2
+1 4
+10 3
+4 2
-1 1
+2 1
-1 1
-1 2
cfi=(15)
cfn=(38)
calls=1 95 
* 29
+3 1
-3 1
+3 3
+5 1
+1 2
-2 1
+2 2
cfi=(22)
cfn=(66)
calls=1 62 
* 31
+3 1
-3 1
+1 1
+2 2
+6 4
+1 2
-73 5
+73 2
-73 1
+73 11
-73 1
+73 3
+1 8
+3 1
-1 2
+1 1
+7 1
+1 1
+3 3
+5 1
+3 9
-14 2

fn=(122) open_path
2127 8
+1 1
-1 5
+7 1
-7 1
+1 1
+6 1
+5 2
+52 1
-52 2
+52 1
-59 1
-1 1
+60 1
-52 6
+12 1
-9 1
+9 1
+7 3
+1 2
-1 1
cfi=(22)
cfn=(66)
calls=1 62 
* 31
+1 1
-1 1
+1 2
+20 8
-20 3
+3 8
-39 4
+43 4
-43 8
+43 16
cfi=(22)
cfn=(66)
calls=4 62 
* 85
* 16
cfi=(22)
cfn=(66)
calls=4 62 
* 92
* 4
+3 4
+3 8
+3 28
cfn=(96) open_verify
calls=4 1857 
* 184
* 4
+2 12
+7 8
+1 36
+6 8
+2 12
-2 4
+2 4
cfi=(33)
cfn=(124)
calls=4 37 
* 49
* 8
+1 4
+2 6
+7 6
-44 9
+44 2
-44 3
+85 5
+7 1
-2 1
+2 3
+3 3
+13 1
+1 9
-70 3

fn=(90)
2276 50
+7 5
-7 15
+7 5
+1 10
+3 30
+12 24
-12 36
+5 42
+1 28
+2 42
cfi=(28)
cfn=(92)
calls=14 305 
* 1639
* 28
2570 45
2322 3
-1 15
+11 9
+26 6
-2 3
+2 3
cob=(3)
cfi=(32)
cfn=(116)
calls=1 0 
* 68
cfi=(24)
cfn=(70)
calls=2 26 
* 56
* 6
2501 12
cfn=(94)
calls=2 421 
* 473
+1 2
-3 2
+4 2
-1 2
+4 18
cfn=(96)
calls=2 1857 
* 826
+3 2
-3 2
+3 2
+12 12
+2 6
+45 3
-1 3
+1 24
-1 3
+1 9
cfn=(102)
calls=3 916 
* 4742
* 6
2321 6
+41 2
cfi=(9)
cfn=(18)
calls=1 29 
* 32
* 1
+2 1
-2 1
+2 1
+7 4
+35 2
+1 15
cfn=(122)
calls=1 2127 
* 750
+6 1
-6 1
+6 1
+80 2
-80 2
689 3
2421 4
+5 2
cfi=(34)
cfn=(126) _dl_load_cache_lookup
calls=1 183 
* 775
+2 1
-2 1
+2 1
+5 3
+8 2
+27 9
cfn=(96)
calls=1 1857 
* 493
+3 1
-3 1
+3 1
161 2
cfi=(9)
cfn=(18)
calls=1 29 
* 76
* 1
+1 3
cfi=(15)
cfn=(38)
calls=1 -67 
* 29
+2 3
+3 3
cfi=(16)
cfn=(44)
calls=1 62 
* 64
2474 1
-1 1
+1 1
-94 1
-5 2
+5 1
+3 2
-3 2
+3 4
-3 3
689 3
2395 4
+1 7
689 3
2300 36
+3 4
+2 4
-1 8
+1 4
cob=(3)
cfi=(32)
cfn=(120)
calls=1 0 
* 22
cfi=(17)
cfn=(52)
calls=3 135 
* 21
* 8

fn=(96)
1857 84
+36 7
-36 14
+36 24
+21 28
cfi=(21)
cfn=(98)
calls=7 82 
* 59
+1 7
-1 7
+1 7
+11 9
-1 3
+1 6
cfi=(21)
cfn=(100) read
calls=3 82 
* 15
+7 3
-7 6
+7 3
+16 12
cfi=(12)
cfn=(28)
calls=3 322 
* 231
* 6
+2 3
-2 6
+4 12
cfi=(12)
cfn=(28)
calls=3 322 
* 210
-4 6
+60 6
+5 6
+2 9
+6 6
+7 3
+1 3
-1 12
+1 9
+1 6
+15 167
+2 55
+4 9
+1 3
-1 3
+14 3
+1 3
-1 3
+1 3
-1 3
+1 3
-2 3
+4 9
+5 1
+1 1
-13 4
cfi=(12)
cfn=(28)
calls=1 322 
* 70
* 12
cfi=(12)
cfn=(28)
calls=3 322 
* 225
* 8
+16 2
+6 1
-3 1
+1 1
+1 1
+1 2
+1 3
-4 1
+1 1
+1 1
-1 3
-1 1
+4 2
+28 63
1905 4

fl=(25)
fn=(76)
52 10
+9 1
-1 1
+1 1
+1 2
-1 1
+1 3
+1 2
+4 5
-10 5
-4 5
+4 18

fn=(78)
77 2

fl=(34)
fn=(192)
309 1
+1 4
+2 2
cfi=(23)
cfn=(194)
calls=1 82 
* 5
+1 1
+2 2

fn=(126)
183 8
+8 2
+3 3
+51 3
+15 3
cfi=(21)
cfn=(64)
calls=1 82 
* 11
+5 1
-5 1
+19 1
-14 5
+14 1
-15 1
+15 4
-25 1
+25 1
-25 1
+25 24
cfn=(130) _dl_cache_libcmp
calls=2 164 
* 204
* 8
+21 9
197 4
cfi=(28)
cfn=(128)
calls=1 44 
* 68
+8 1
-8 1
+8 4
+1 4
cfi=(12)
cfn=(28)
calls=1 322 
* 98
* 2
+7 1
-3 1
+3 3
+3 1
+1 2
-1 1
+1 1
+1 3
cfi=(12)
cfn=(28)
calls=1 322 
* 157
* 2
+18 2
+43 7
cfn=(130)
calls=1 164 
* 73
* 2
-97 1
+97 12
-97 1
+97 2
-97 1
+97 19
+16 4
-16 5

fn=(130)
164 9
-23 8
+2 36
+2 18
-2 18
+2 2
+6 1
+1 2
-1 1
+2 1
-1 1
-1 1
+2 3
+2 5
+2 2
+6 34
+2 34
+5 30
-1 15
+1 15
-29 30
+32 3
-7 8

fl=(18)
fn=(56)
67 7
+2 4
+85 9
-45 2
cfi=(19)
cfn=(58)
calls=1 -27 
* 5
* 1
+15 1
-15 1
+20 1
-1 1
+3 12
+4 3
-2 9
+2 9
+7 3
-1 3
+4 3
-2 3
+2 10
+5 2

fl=(49)
fn=(232)
53 1
-8 1
+8 1
+3 1
-3 1
+3 5
+92 2
+21 1
+1 1
+2 1
+1 2
65 1
-33 2
+6 1
-6 2
+6 1
+1 1
+30 1
-30 1
+30 1
-37 1
+6 1
+27 1
-26 1
+26 1
+4 1
+1 1
-38 2
+33 1
+5 1
+5 1
+2 1
-2 1
-17 1
+58 1
-38 1
+1 2
+33 3
-33 6

fl=(21)
fn=(98)
82 32
+1 8
+1 24

fn=(100)
82 12
+1 3

fn=(112)
82 16
+1 4

fn=(64)
82 12
+1 3
+1 18

fl=(30)
fn=(108)
44 8
+1 8
+1 8
+1 1
+1 1
+2 7
+1 7
+1 7
+1 7
+2 7
+1 7
+2 5
+5 5
+1 5
+1 5
+1 5
+1 5
325 1
+1 1
+1 1
+1 1
+1 1
+1 1
+1 1
+1 1
+1 1
+1 1
+1 1
+1 1
+1 1
+1 1
+1 1
+1 1
-12 1
+1 1
+1 1
+1 1
+1 1
+1 1
+1 1
+1 1
+1 1
+1 1
+1 1
+1 1
+1 1
-4 1
+1 1
+1 1
+1 1
+1 1

ob=(6)
fl=(59)
fn=(288)
0 11
cob=(5)
cfi=(62)
cfn=(302)
calls=1 96 
0 2877
cob=(1)
cfi=(60)
cfn=(296)
calls=1 31 
0 1106

fn=(318)
0 6

fn=(354) permute(unsigned int)
0 8
cob=(3)
cfi=(32)
cfn=(352) malloc
calls=1 0 
0 29
0 5
cob=(3)
cfi=(32)
cfn=(352)
calls=1 0 
0 29
0 11

fn=(312)
0 6

fn=(324)
0 11

fn=(336)
0 11
cob=(5)
cfi=(67)
cfn=(342)
calls=1 27 
0 121
cob=(1)
cfi=(60)
cfn=(296)
calls=1 31 
0 906
0 13
cob=(5)
cfi=(67)
cfn=(342)
calls=1 27 
0 181
0 14
cob=(5)
cfi=(67)
cfn=(342)
calls=1 27 
0 121
0 6
cob=(5)
cfi=(67)
cfn=(342)
calls=1 27 
0 121
0 23
cob=(3)
cfi=(32)
cfn=(352)
calls=1 0 
0 29
cob=(1)
cfi=(60)
cfn=(296)
calls=1 31 
0 938
0 7
cob=(3)
cfi=(32)
cfn=(352)
calls=1 0 
0 29
0 5
cob=(3)
cfi=(32)
cfn=(352)
calls=1 0 
0 29
0 5
cob=(3)
cfi=(32)
cfn=(352)
calls=1 0 
0 29
0 4
cfn=(354)
calls=1 0 
0 82

fn=(308)
0 15
cob=(2)
cfi=(14)
cfn=(310)
calls=1 0 
0 29

ob=(1)
fl=(30)
fn=(108)
338 1
+1 1
+1 1
+25 1
+1 1
+24 1
+1 1
+1 1
+49 1
+1 1
+1 1
+61 2
+1 2
+1 2
+1 2
+1 2
+1 2
+1 2
+5 2
+1 2
+1 2
+1 2
+1 2
+74 2
1214 2
+1 4
+4 2
+1 2
+1 4
+5 2
+2 2
+1 2
+1 2
+1 2
+1 2
+1 2
+1 2
+1 2
+1 2
+1 2
+1 2
+1 2
+1 2
+1 2
+1 2
+1 2
+2 2
+2 2
-21 14
+2 14
+1 14
+1 14
+1 14
+1 14
+1 14
+1 14
+1 14
+1 14
+1 14
+1 14
+1 14
+1 14
+1 14
+1 14
+1 14
+2 14
+2 14
+3 2
+1 2
+6 2
+1 2
+1 2
+1 2
+1 2

ob=(6)
fl=(59)
fn=(308)
0 10

ob=(3)
fl=(32)
fn=(250)
0 53

fn=(226)
0 17

fn=(222)
0 24

fn=(120)
0 10552

fn=(352)
0 174

fn=(116)
0 270

fn=(210)
0 6

fn=(204)
0 6

fn=(216)
0 11

totals: 114493
